0 0.7609375 0.140625 0.3203125 0.15625
0 0.2953125 0.2140625 0.203125 0.128125
0 0.475 0.22734375 0.134375 0.13125
0 0.5921875 0.2421875 0.1328125 0.134375
0 0.721875 0.26171875 0.1296875 0.121875
0 0.821875 0.271875 0.10625 0.109375
0 0.3609375 0.33046875 0.328125 0.134375
0 0.67578125 0.3609375 0.3390625 0.128125
0 0.2640625 0.421875 0.1703125 0.1265625
0 0.4109375 0.43203125 0.1609375 0.1328125
0 0.57265625 0.45234375 0.15625 0.121875
0 0.71875 0.46875 0.1421875 0.1171875
0 0.33046875 0.534375 0.303125 0.1265625
0 0.6453125 0.56796875 0.2875 0.1234375
0 0.2390625 0.62578125 0.1046875 0.10625
0 0.478125 0.64375 0.13125 0.1125
0 0.603125 0.65703125 0.121875 0.1046875
0 0.34765625 0.63984375 0.1296875 0.1109375
0 0.7109375 0.665625 0.10625 0.0984375
0 0.31328125 0.73125 0.29375 0.1203125
0 0.60625 0.753125 0.290625 0.1203125
0 0.34140625 0.82109375 0.1359375 0.1125
0 0.228125 0.81796875 0.125 0.0921875
0 0.45703125 0.834375 0.1234375 0.1015625
0 0.665625 0.85078125 0.1265625 0.1
0 0.565625 0.846875 0.1109375 0.0953125
0 0.55078125 0.1078125 0.1140625 0.1578125
0 0.34140625 0.096875 0.3234375 0.1640625