0 0.81953125 0.19140625 0.334375 0.20625
0 0.34765625 0.1828125 0.2171875 0.1578125
0 0.52265625 0.22734375 0.1515625 0.1484375
0 0.6359375 0.2625 0.1515625 0.153125
0 0.76015625 0.30390625 0.1453125 0.1390625
0 0.85703125 0.33125 0.121875 0.1234375
0 0.3921875 0.30859375 0.3375 0.1875
0 0.696875 0.39375 0.346875 0.18125
0 0.28125 0.38203125 0.1859375 0.1515625
0 0.42421875 0.4171875 0.178125 0.1546875
0 0.58046875 0.46640625 0.171875 0.1453125
0 0.72109375 0.5078125 0.15625 0.1375
0 0.32734375 0.5046875 0.3140625 0.175
0 0.63125 0.5921875 0.2984375 0.16875
0 0.22109375 0.57890625 0.11875 0.1203125
0 0.45390625 0.6375 0.146875 0.13125
0 0.57421875 0.67265625 0.1359375 0.121875
0 0.32578125 0.6109375 0.14375 0.1296875
0 0.67890625 0.7 0.1203125 0.1140625
0 0.27578125 0.6953125 0.303125 0.1671875
0 0.56015625 0.76796875 0.3 0.165625
0 0.28828125 0.78828125 0.15 0.13125
0 0.1765625 0.765625 0.1359375 0.1109375
0 0.39921875 0.821875 0.1359375 0.11875
0 0.60234375 0.87421875 0.1390625 0.11875
0 0.5046875 0.853125 0.1234375 0.1109375
0 0.61796875 0.12265625 0.1375 0.171875
0 0.4140625 0.09140625 0.340625 0.1828125