0 0.71484375 0.11171875 0.3171875 0.15
0 0.26171875 0.240625 0.2015625 0.1234375
0 0.4421875 0.23203125 0.13125 0.1296875
0 0.56015625 0.2328125 0.13125 0.1328125
0 0.69140625 0.23671875 0.128125 0.11875
0 0.7921875 0.234375 0.1046875 0.1078125
0 0.34140625 0.3484375 0.3265625 0.1296875
0 0.6578125 0.340625 0.3359375 0.121875
0 0.25625 0.45078125 0.16875 0.1234375
0 0.403125 0.44296875 0.159375 0.1296875
0 0.56640625 0.44375 0.1546875 0.1203125
0 0.7140625 0.44296875 0.1390625 0.1140625
0 0.3359375 0.5546875 0.3015625 0.121875
0 0.653125 0.55 0.2859375 0.11875
0 0.25625 0.65703125 0.103125 0.1046875
0 0.49609375 0.6453125 0.1296875 0.1109375
0 0.621875 0.64296875 0.1203125 0.103125
0 0.365625 0.65703125 0.128125 0.109375
0 0.7296875 0.6390625 0.1046875 0.096875
0 0.34296875 0.75234375 0.2921875 0.115625
0 0.6359375 0.73828125 0.2890625 0.115625
0 0.38125 0.83828125 0.1328125 0.109375
0 0.26875 0.8484375 0.125 0.090625
0 0.4984375 0.8375 0.121875 0.1
0 0.70703125 0.828125 0.125 0.0984375
0 0.6078125 0.8359375 0.109375 0.09375
0 0.503125 0.1046875 0.1109375 0.15625
0 0.29296875 0.11875 0.3203125 0.1578125