0 0.14765625 0.27578125 0.1828125 0.146875
0 0.30390625 0.26484375 0.153125 0.1234375
0 0.43984375 0.25859375 0.125 0.1203125
0 0.6 0.24921875 0.125 0.096875
0 0.74921875 0.28203125 0.0859375 0.1796875
0 0.31484375 0.38125 0.20625 0.1640625
0 0.61171875 0.35703125 0.1828125 0.1453125
0 0.7625 0.42265625 0.10625 0.103125
0 0.196875 0.5234375 0.1453125 0.125
0 0.6484375 0.48515625 0.1609375 0.146875
0 0.490625 0.50625 0.1390625 0.1375
0 0.34296875 0.5296875 0.1734375 0.1515625
0 0.765625 0.51171875 0.09375 0.103125
0 0.20625 0.63203125 0.146875 0.1328125
0 0.771875 0.60703125 0.1078125 0.115625
0 0.3609375 0.659375 0.1671875 0.1375
0 0.6015625 0.6765625 0.2796875 0.234375
0 0.23515625 0.7421875 0.1359375 0.121875
0 0.37578125 0.7890625 0.1875 0.146875
0 0.615625 0.83671875 0.265625 0.171875