0 0.13671875 0.29453125 0.1890625 0.1546875
0 0.29140625 0.275 0.1578125 0.13125
0 0.42734375 0.26171875 0.1296875 0.1265625
0 0.58671875 0.24375 0.1296875 0.103125
0 0.7375 0.26953125 0.0953125 0.1828125
0 0.30859375 0.39140625 0.2125 0.171875
0 0.60390625 0.3515625 0.1875 0.153125
0 0.7578125 0.409375 0.1109375 0.1078125
0 0.1984375 0.5390625 0.15 0.13125
0 0.64765625 0.47734375 0.1671875 0.153125
0 0.490625 0.50703125 0.14375 0.14375
0 0.34453125 0.5375 0.1796875 0.159375
0 0.765625 0.4984375 0.0984375 0.10625
0 0.2140625 0.64765625 0.1515625 0.1390625
0 0.77734375 0.59296875 0.1125 0.1203125
0 0.36953125 0.66640625 0.171875 0.1453125
0 0.6109375 0.6703125 0.2890625 0.246875
0 0.24765625 0.75546875 0.140625 0.1265625
0 0.390625 0.7953125 0.1921875 0.1546875
0 0.6328125 0.8296875 0.271875 0.184375