0 0.7390625 0.32109375 0.2375 0.1859375
0 0.24765625 0.23515625 0.14375 0.14375
0 0.3859375 0.265625 0.1609375 0.1390625
0 0.53984375 0.29375 0.1828125 0.1578125
0 0.12578125 0.22734375 0.1265625 0.125
0 0.13515625 0.33203125 0.1171875 0.1171875
0 0.24453125 0.35703125 0.146875 0.1390625
0 0.36953125 0.38671875 0.1453125 0.1328125
0 0.71171875 0.45703125 0.2140625 0.1796875
0 0.515625 0.4234375 0.2 0.1609375
0 0.1265625 0.43046875 0.09375 0.1109375
0 0.234375 0.465625 0.1359375 0.128125
0 0.3546875 0.49765625 0.15 0.146875
0 0.4953125 0.54140625 0.196875 0.1640625
0 0.68203125 0.5984375 0.23125 0.184375
0 0.11484375 0.528125 0.1140625 0.1140625
0 0.215625 0.56640625 0.1390625 0.1328125
0 0.34296875 0.60859375 0.1765625 0.15
0 0.48828125 0.6578125 0.178125 0.1625
0 0.0984375 0.6171875 0.1078125 0.109375
0 0.6578125 0.7234375 0.221875 0.1890625
0 0.203125 0.66640625 0.140625 0.140625
0 0.32421875 0.71640625 0.159375 0.146875
0 0.4640625 0.775 0.1703125 0.15625
0 0.61875 0.8515625 0.203125 0.1921875
0 0.8328125 0.88671875 0.240625 0.2234375