0 0.70078125 0.278125 0.2171875 0.1546875
0 0.2015625 0.28828125 0.1265625 0.1265625
0 0.34296875 0.29140625 0.1453125 0.11875
0 0.49921875 0.28984375 0.165625 0.134375
0 0.08125 0.303125 0.1109375 0.109375
0 0.11015625 0.4046875 0.103125 0.103125
0 0.221875 0.40859375 0.1296875 0.1203125
0 0.35 0.41328125 0.1296875 0.115625
0 0.69921875 0.41796875 0.1953125 0.1515625
0 0.50078125 0.421875 0.18125 0.134375
0 0.1203125 0.50234375 0.0796875 0.1
0 0.2328125 0.5171875 0.1203125 0.1109375
0 0.35703125 0.525 0.1328125 0.128125
0 0.503125 0.54140625 0.178125 0.1390625
0 0.696875 0.5625 0.2109375 0.153125
0 0.12734375 0.60078125 0.1 0.1
0 0.23359375 0.61953125 0.1234375 0.115625
0 0.36640625 0.63671875 0.159375 0.128125
0 0.51875 0.6578125 0.1578125 0.140625
0 0.128125 0.69140625 0.0953125 0.096875
0 0.69765625 0.6890625 0.2015625 0.159375
0 0.240625 0.7203125 0.121875 0.1234375
0 0.36875 0.74609375 0.140625 0.128125
0 0.5171875 0.77734375 0.1515625 0.1359375
0 0.68359375 0.82265625 0.18125 0.1671875
0 0.89921875 0.8375 0.1984375 0.240625