0 0.715625 0.29296875 0.2234375 0.1625
0 0.2171875 0.26796875 0.1296875 0.13125
0 0.3578125 0.28125 0.15 0.1234375
0 0.5140625 0.290625 0.1703125 0.1390625
0 0.0953125 0.275 0.115625 0.1140625
0 0.11796875 0.37734375 0.10625 0.10625
0 0.22890625 0.38984375 0.134375 0.125
0 0.35625 0.403125 0.134375 0.11875
0 0.7046875 0.43203125 0.2 0.1578125
0 0.50625 0.421875 0.1859375 0.140625
0 0.12109375 0.4765625 0.0828125 0.103125
0 0.2328125 0.4984375 0.125 0.115625
0 0.35546875 0.51484375 0.1375 0.1328125
0 0.5 0.54140625 0.1828125 0.1453125
0 0.6921875 0.57578125 0.215625 0.1609375
0 0.12109375 0.575 0.103125 0.103125
0 0.22578125 0.60078125 0.128125 0.1203125
0 0.35703125 0.62734375 0.1625 0.1328125
0 0.50703125 0.65859375 0.1625 0.1453125
0 0.115625 0.665625 0.0984375 0.1
0 0.684375 0.70234375 0.20625 0.165625
0 0.22578125 0.7015625 0.1265625 0.128125
0 0.35234375 0.73671875 0.1453125 0.1328125
0 0.49765625 0.77734375 0.15625 0.140625
0 0.6609375 0.834375 0.1859375 0.1734375
0 0.87890625 0.86484375 0.2140625 0.246875