0 0.8140625 0.21015625 0.1109375 0.109375
0 0.90078125 0.1984375 0.08125 0.1
0 0.10234375 0.3421875 0.1078125 0.153125
0 0.2 0.3296875 0.103125 0.1484375
0 0.2890625 0.328125 0.096875 0.1421875
0 0.36640625 0.32890625 0.1078125 0.1578125
0 0.4453125 0.31640625 0.1046875 0.1546875
0 0.63125 0.3046875 0.1734375 0.1609375
0 0.7578125 0.2921875 0.075 0.0921875
0 0.82109375 0.29765625 0.0578125 0.090625
0 0.9328125 0.28125 0.0625 0.0828125
0 0.88359375 0.29765625 0.0625 0.0890625
0 0.125 0.478125 0.1046875 0.1578125
0 0.215625 0.4671875 0.10625 0.1484375
0 0.29609375 0.453125 0.1015625 0.1546875
0 0.76484375 0.3875 0.084375 0.103125
0 0.83125 0.378125 0.0625 0.096875
0 0.946875 0.3640625 0.0609375 0.09375
0 0.89609375 0.3765625 0.0625 0.0828125
0 0.428125 0.465625 0.175 0.2
0 0.65 0.4375 0.1828125 0.1625
0 0.778125 0.4734375 0.0828125 0.0921875
0 0.9046875 0.45546875 0.0609375 0.096875
0 0.95859375 0.45 0.05 0.0875
0 0.84453125 0.4703125 0.06875 0.09375
0 0.14921875 0.609375 0.103125 0.13125
0 0.2390625 0.59375 0.1125 0.153125
0 0.32109375 0.58125 0.1046875 0.159375
0 0.68046875 0.56875 0.1765625 0.171875
0 0.78984375 0.55546875 0.0828125 0.0921875
0 0.921875 0.5359375 0.071875 0.090625
0 0.4390625 0.621875 0.1765625 0.209375
0 0.85703125 0.55234375 0.0609375 0.0921875
0 0.97265625 0.53359375 0.05 0.0796875
0 0.165625 0.73515625 0.1078125 0.15
0 0.33984375 0.71171875 0.0953125 0.1265625
0 0.25703125 0.73203125 0.103125 0.140625
0 0.6875 0.696875 0.1828125 0.1578125
0 0.46640625 0.78125 0.1921875 0.2234375