0 0.7984375 0.19375 0.115625 0.1125
0 0.884375 0.178125 0.084375 0.103125
0 0.09453125 0.36328125 0.1140625 0.15625
0 0.1921875 0.34609375 0.109375 0.1515625
0 0.2796875 0.3390625 0.103125 0.1453125
0 0.3578125 0.33671875 0.115625 0.1609375
0 0.4359375 0.31953125 0.1109375 0.1578125
0 0.62109375 0.2984375 0.178125 0.1671875
0 0.74609375 0.27890625 0.078125 0.09375
0 0.81015625 0.28046875 0.0625 0.0921875
0 0.9203125 0.25859375 0.065625 0.084375
0 0.87265625 0.27734375 0.065625 0.090625
0 0.12421875 0.49765625 0.1125 0.159375
0 0.2140625 0.48203125 0.1125 0.1515625
0 0.29375 0.4640625 0.1078125 0.1578125
0 0.75859375 0.3734375 0.0875 0.1046875
0 0.825 0.3609375 0.065625 0.0984375
0 0.93984375 0.340625 0.065625 0.0953125
0 0.8890625 0.35546875 0.065625 0.084375
0 0.4265625 0.46953125 0.1828125 0.2046875
0 0.646875 0.4296875 0.1875 0.16875
0 0.7765625 0.45859375 0.0875 0.0953125
0 0.9015625 0.434375 0.065625 0.0984375
0 0.95546875 0.4265625 0.053125 0.0890625
0 0.8421875 0.45234375 0.071875 0.0953125
0 0.15546875 0.62734375 0.109375 0.134375
0 0.24375 0.60703125 0.11875 0.1578125
0 0.325 0.590625 0.1125 0.1609375
0 0.68359375 0.559375 0.1828125 0.178125
0 0.7921875 0.53984375 0.0875 0.0953125
0 0.9234375 0.5140625 0.075 0.0921875
0 0.4453125 0.625 0.1859375 0.215625
0 0.85859375 0.53359375 0.065625 0.09375
0 0.971875 0.50859375 0.053125 0.0828125
0 0.178125 0.75234375 0.1140625 0.153125
0 0.35078125 0.71953125 0.1 0.1296875
0 0.26953125 0.74375 0.1078125 0.14375
0 0.69765625 0.68671875 0.1875 0.1640625
0 0.48125 0.7828125 0.2015625 0.2296875